# ell deltaell
1.022060237929717275e+01 4.412047585943437156e-01
1.067154021984183032e+01 4.606709224949714354e-01
1.114237365249434220e+01 4.809959428100558654e-01
1.163398048024601650e+01 5.022177126932909630e-01
1.214727723517384383e+01 5.243757971623637104e-01
1.268322088718619156e+01 5.475115068623299663e-01
1.324281062815916243e+01 5.716679750836117790e-01
1.382708973478991865e+01 5.968902381779006561e-01
1.443714751363994786e+01 6.232253195221595377e-01
1.507412133199458992e+01 6.507223171871263645e-01
1.573919873832504024e+01 6.794324954737742672e-01
1.643361967630615439e+01 7.094093804884522569e-01
1.715867879651774786e+01 7.407088599347382285e-01
1.791572787013929968e+01 7.733892873083583197e-01
1.870617830913797519e+01 8.075115906889926976e-01
1.953150379764856837e+01 8.431393863321972049e-01
2.039324303945117123e+01 8.803390972730085196e-01
2.129300262666885146e+01 9.191800771623555022e-01
2.223246003503367518e+01 9.597347395672848336e-01
2.321336675130521598e+01 1.002078692975796770e+00
2.423755153867237055e+01 1.046290881758515923e+00
2.530692384622616586e+01 1.092453733349074696e+00
2.642347736886013010e+01 1.140653311918853774e+00
2.758929376423523294e+01 1.190979478831351912e+00
2.880654653373901652e+01 1.243526060176211701e+00
3.007750507467451939e+01 1.298391021694794034e+00
3.140453891123370767e+01 1.355676651423582513e+00
3.279012211214346451e+01 1.415489750395934720e+00
3.423683790322019149e+01 1.477941831757526359e+00
3.574738348343258565e+01 1.543149328667261955e+00
3.732457505345132631e+01 1.611233811370212266e+00
3.897135306606077165e+01 1.682322213848671311e+00
4.069078770822139290e+01 1.756547070472578298e+00
4.248608462500334326e+01 1.834046763091315313e+00
4.436059089606268913e+01 1.914965779027390624e+00
4.631780127580266537e+01 1.999454980452561870e+00
4.836136470885379879e+01 2.087671885649690751e+00
5.049509113302008956e+01 2.179780962682897894e+00
5.272295858237443866e+01 2.275953936025800317e+00
5.504912060374604721e+01 2.376370106717409669e+00
5.747791400042670773e+01 2.481216686643918479e+00
6.001386691753317848e+01 2.590689147569015915e+00
6.266170728409949930e+01 2.704991585563632839e+00
6.542637162763855940e+01 2.824337101514501569e+00
6.831301427760617173e+01 2.948948198420708877e+00
7.132701697492649373e+01 3.079057196219920911e+00
7.447399890549419865e+01 3.214906664915517354e+00
7.775982717635960739e+01 3.356749876815271705e+00
8.119062775412795929e+01 3.504851278721446306e+00
8.477279688596627238e+01 3.659486984955194089e+00
8.851301302451031461e+01 3.820945292132861937e+00
9.241824927890399977e+01 3.989527216654522590e+00
9.649578641518506572e+01 4.165547055907609320e+00
1.007532264302533633e+02 4.349332974229000115e+00
1.051985067247294836e+02 4.541227614723226225e+00
1.098399149011265052e+02 4.741588738070817044e+00
1.146861042149239722e+02 4.950789889524116916e+00
1.197461097073510246e+02 5.169221095329987747e+00
1.250293650499553735e+02 5.397289589878710103e+00
1.305457201323623906e+02 5.635420574935324112e+00
1.363054594260147496e+02 5.884058012369393964e+00
1.423193211581293554e+02 6.143665451859789073e+00
1.485985173316177566e+02 6.414726895117013328e+00
1.551547546282951089e+02 6.697747698237719760e+00
1.620002562343491661e+02 6.993255513870394680e+00
1.691477846287589273e+02 7.301801274949156095e+00
1.766106653771489903e+02 7.623960221830941464e+00
1.844028119754401018e+02 7.960332974751310076e+00
1.925387517896143095e+02 8.311546653597105205e+00
2.010336531399537421e+02 8.678256047081703173e+00
2.099033535802489610e+02 9.061144833508734564e+00
2.191643894247005164e+02 9.460926855394376389e+00
2.288340265775606497e+02 9.878347450325918544e+00
2.389302927229931868e+02 1.031418484053915563e+01
2.494720109351655992e+02 1.076925158380564085e+01
2.604788347712350856e+02 1.124439608833336024e+01
2.719712849126530614e+02 1.174050419450259142e+01
2.839707874231011147e+02 1.225850082639345828e+01
2.964997136943864007e+02 1.279935171617722744e+01
3.095814221547688021e+02 1.336406520458751856e+01
3.232403018174777571e+02 1.395369412083044836e+01
3.375018177506120765e+02 1.456933774543813342e+01
3.523925585531929983e+02 1.521214385972365335e+01
3.679402859258834155e+02 1.588331088565723803e+01
3.841739864287899309e+02 1.658409012015573580e+01
4.011239255228439333e+02 1.731578806795238279e+01
4.188217039955161454e+02 1.807976887739192762e+01
4.373003168760576500e+02 1.887745688369108166e+01
4.565942149501106542e+02 1.971033926441504036e+01
4.767393689883741672e+02 2.057996881211192886e+01
4.977733368090677004e+02 2.148796682927508073e+01
5.197353332992224750e+02 2.243602615103446851e+01
5.426663035253458247e+02 2.342591430121228768e+01
5.666089990697643088e+02 2.445947678762468058e+01
5.916080577349603118e+02 2.553864054276743900e+01
6.177100867645024209e+02 2.666541751631677926e+01
6.449637497357244911e+02 2.784190842612724737e+01
6.734198572861497496e+02 2.907030667472326968e+01
7.031314618428073118e+02 3.035290243859196835e+01
7.341539565310517901e+02 3.169208693789676090e+01
7.505000000000000000e+02 1.000000000000000000e+00
7.515000000000000000e+02 1.000000000000000000e+00
7.525000000000000000e+02 1.000000000000000000e+00
7.535000000000000000e+02 1.000000000000000000e+00
7.545000000000000000e+02 1.000000000000000000e+00
7.555000000000000000e+02 1.000000000000000000e+00
7.565000000000000000e+02 1.000000000000000000e+00
7.575000000000000000e+02 1.000000000000000000e+00
7.585000000000000000e+02 1.000000000000000000e+00
7.595000000000000000e+02 1.000000000000000000e+00
7.605000000000000000e+02 1.000000000000000000e+00
7.615000000000000000e+02 1.000000000000000000e+00
7.625000000000000000e+02 1.000000000000000000e+00
7.635000000000000000e+02 1.000000000000000000e+00
7.645000000000000000e+02 1.000000000000000000e+00
7.655000000000000000e+02 1.000000000000000000e+00
7.665000000000000000e+02 1.000000000000000000e+00
7.675000000000000000e+02 1.000000000000000000e+00
7.685000000000000000e+02 1.000000000000000000e+00
7.695000000000000000e+02 1.000000000000000000e+00
7.705000000000000000e+02 1.000000000000000000e+00
7.715000000000000000e+02 1.000000000000000000e+00
7.725000000000000000e+02 1.000000000000000000e+00
7.735000000000000000e+02 1.000000000000000000e+00
7.745000000000000000e+02 1.000000000000000000e+00
7.755000000000000000e+02 1.000000000000000000e+00
7.765000000000000000e+02 1.000000000000000000e+00
7.775000000000000000e+02 1.000000000000000000e+00
7.785000000000000000e+02 1.000000000000000000e+00
7.795000000000000000e+02 1.000000000000000000e+00
7.805000000000000000e+02 1.000000000000000000e+00
7.815000000000000000e+02 1.000000000000000000e+00
7.825000000000000000e+02 1.000000000000000000e+00
7.835000000000000000e+02 1.000000000000000000e+00
7.845000000000000000e+02 1.000000000000000000e+00
7.855000000000000000e+02 1.000000000000000000e+00
7.865000000000000000e+02 1.000000000000000000e+00
7.875000000000000000e+02 1.000000000000000000e+00
7.885000000000000000e+02 1.000000000000000000e+00
7.895000000000000000e+02 1.000000000000000000e+00
7.905000000000000000e+02 1.000000000000000000e+00
7.915000000000000000e+02 1.000000000000000000e+00
7.925000000000000000e+02 1.000000000000000000e+00
7.935000000000000000e+02 1.000000000000000000e+00
7.945000000000000000e+02 1.000000000000000000e+00
7.955000000000000000e+02 1.000000000000000000e+00
7.965000000000000000e+02 1.000000000000000000e+00
7.975000000000000000e+02 1.000000000000000000e+00
7.985000000000000000e+02 1.000000000000000000e+00
7.995000000000000000e+02 1.000000000000000000e+00
8.005000000000000000e+02 1.000000000000000000e+00
8.015000000000000000e+02 1.000000000000000000e+00
8.025000000000000000e+02 1.000000000000000000e+00
8.035000000000000000e+02 1.000000000000000000e+00
8.045000000000000000e+02 1.000000000000000000e+00
8.055000000000000000e+02 1.000000000000000000e+00
8.065000000000000000e+02 1.000000000000000000e+00
8.075000000000000000e+02 1.000000000000000000e+00
8.085000000000000000e+02 1.000000000000000000e+00
8.095000000000000000e+02 1.000000000000000000e+00
8.105000000000000000e+02 1.000000000000000000e+00
8.115000000000000000e+02 1.000000000000000000e+00
8.125000000000000000e+02 1.000000000000000000e+00
8.135000000000000000e+02 1.000000000000000000e+00
8.145000000000000000e+02 1.000000000000000000e+00
8.155000000000000000e+02 1.000000000000000000e+00
8.165000000000000000e+02 1.000000000000000000e+00
8.175000000000000000e+02 1.000000000000000000e+00
8.185000000000000000e+02 1.000000000000000000e+00
8.195000000000000000e+02 1.000000000000000000e+00
8.205000000000000000e+02 1.000000000000000000e+00
8.215000000000000000e+02 1.000000000000000000e+00
8.225000000000000000e+02 1.000000000000000000e+00
8.235000000000000000e+02 1.000000000000000000e+00
8.245000000000000000e+02 1.000000000000000000e+00
8.255000000000000000e+02 1.000000000000000000e+00
8.265000000000000000e+02 1.000000000000000000e+00
8.275000000000000000e+02 1.000000000000000000e+00
8.285000000000000000e+02 1.000000000000000000e+00
8.295000000000000000e+02 1.000000000000000000e+00
8.305000000000000000e+02 1.000000000000000000e+00
8.315000000000000000e+02 1.000000000000000000e+00
8.325000000000000000e+02 1.000000000000000000e+00
8.335000000000000000e+02 1.000000000000000000e+00
8.345000000000000000e+02 1.000000000000000000e+00
8.355000000000000000e+02 1.000000000000000000e+00
8.365000000000000000e+02 1.000000000000000000e+00
8.375000000000000000e+02 1.000000000000000000e+00
8.385000000000000000e+02 1.000000000000000000e+00
8.395000000000000000e+02 1.000000000000000000e+00
8.405000000000000000e+02 1.000000000000000000e+00
8.415000000000000000e+02 1.000000000000000000e+00
8.425000000000000000e+02 1.000000000000000000e+00
8.435000000000000000e+02 1.000000000000000000e+00
8.445000000000000000e+02 1.000000000000000000e+00
8.455000000000000000e+02 1.000000000000000000e+00
8.465000000000000000e+02 1.000000000000000000e+00
8.475000000000000000e+02 1.000000000000000000e+00
8.485000000000000000e+02 1.000000000000000000e+00
8.495000000000000000e+02 1.000000000000000000e+00
8.505000000000000000e+02 1.000000000000000000e+00
8.515000000000000000e+02 1.000000000000000000e+00
8.525000000000000000e+02 1.000000000000000000e+00
8.535000000000000000e+02 1.000000000000000000e+00
8.545000000000000000e+02 1.000000000000000000e+00
8.555000000000000000e+02 1.000000000000000000e+00
8.565000000000000000e+02 1.000000000000000000e+00
8.575000000000000000e+02 1.000000000000000000e+00
8.585000000000000000e+02 1.000000000000000000e+00
8.595000000000000000e+02 1.000000000000000000e+00
8.605000000000000000e+02 1.000000000000000000e+00
8.615000000000000000e+02 1.000000000000000000e+00
8.625000000000000000e+02 1.000000000000000000e+00
8.635000000000000000e+02 1.000000000000000000e+00
8.645000000000000000e+02 1.000000000000000000e+00
8.655000000000000000e+02 1.000000000000000000e+00
8.665000000000000000e+02 1.000000000000000000e+00
8.675000000000000000e+02 1.000000000000000000e+00
8.685000000000000000e+02 1.000000000000000000e+00
8.695000000000000000e+02 1.000000000000000000e+00
8.705000000000000000e+02 1.000000000000000000e+00
8.715000000000000000e+02 1.000000000000000000e+00
8.725000000000000000e+02 1.000000000000000000e+00
8.735000000000000000e+02 1.000000000000000000e+00
8.745000000000000000e+02 1.000000000000000000e+00
8.755000000000000000e+02 1.000000000000000000e+00
8.765000000000000000e+02 1.000000000000000000e+00
8.775000000000000000e+02 1.000000000000000000e+00
8.785000000000000000e+02 1.000000000000000000e+00
8.795000000000000000e+02 1.000000000000000000e+00
8.805000000000000000e+02 1.000000000000000000e+00
8.815000000000000000e+02 1.000000000000000000e+00
8.825000000000000000e+02 1.000000000000000000e+00
8.835000000000000000e+02 1.000000000000000000e+00
8.845000000000000000e+02 1.000000000000000000e+00
8.855000000000000000e+02 1.000000000000000000e+00
8.865000000000000000e+02 1.000000000000000000e+00
8.875000000000000000e+02 1.000000000000000000e+00
8.885000000000000000e+02 1.000000000000000000e+00
8.895000000000000000e+02 1.000000000000000000e+00
8.905000000000000000e+02 1.000000000000000000e+00
8.915000000000000000e+02 1.000000000000000000e+00
8.925000000000000000e+02 1.000000000000000000e+00
8.935000000000000000e+02 1.000000000000000000e+00
8.945000000000000000e+02 1.000000000000000000e+00
8.955000000000000000e+02 1.000000000000000000e+00
8.965000000000000000e+02 1.000000000000000000e+00
8.975000000000000000e+02 1.000000000000000000e+00
8.985000000000000000e+02 1.000000000000000000e+00
8.995000000000000000e+02 1.000000000000000000e+00
9.005000000000000000e+02 1.000000000000000000e+00
9.015000000000000000e+02 1.000000000000000000e+00
9.025000000000000000e+02 1.000000000000000000e+00
9.035000000000000000e+02 1.000000000000000000e+00
9.045000000000000000e+02 1.000000000000000000e+00
9.055000000000000000e+02 1.000000000000000000e+00
9.065000000000000000e+02 1.000000000000000000e+00
9.075000000000000000e+02 1.000000000000000000e+00
9.085000000000000000e+02 1.000000000000000000e+00
9.095000000000000000e+02 1.000000000000000000e+00
9.105000000000000000e+02 1.000000000000000000e+00
9.115000000000000000e+02 1.000000000000000000e+00
9.125000000000000000e+02 1.000000000000000000e+00
9.135000000000000000e+02 1.000000000000000000e+00
9.145000000000000000e+02 1.000000000000000000e+00
9.155000000000000000e+02 1.000000000000000000e+00
9.165000000000000000e+02 1.000000000000000000e+00
9.175000000000000000e+02 1.000000000000000000e+00
9.185000000000000000e+02 1.000000000000000000e+00
9.195000000000000000e+02 1.000000000000000000e+00
9.205000000000000000e+02 1.000000000000000000e+00
9.215000000000000000e+02 1.000000000000000000e+00
9.225000000000000000e+02 1.000000000000000000e+00
9.235000000000000000e+02 1.000000000000000000e+00
9.245000000000000000e+02 1.000000000000000000e+00
9.255000000000000000e+02 1.000000000000000000e+00
9.265000000000000000e+02 1.000000000000000000e+00
9.275000000000000000e+02 1.000000000000000000e+00
9.285000000000000000e+02 1.000000000000000000e+00
9.295000000000000000e+02 1.000000000000000000e+00
9.305000000000000000e+02 1.000000000000000000e+00
9.315000000000000000e+02 1.000000000000000000e+00
9.325000000000000000e+02 1.000000000000000000e+00
9.335000000000000000e+02 1.000000000000000000e+00
9.345000000000000000e+02 1.000000000000000000e+00
9.355000000000000000e+02 1.000000000000000000e+00
9.365000000000000000e+02 1.000000000000000000e+00
9.375000000000000000e+02 1.000000000000000000e+00
9.385000000000000000e+02 1.000000000000000000e+00
9.395000000000000000e+02 1.000000000000000000e+00
9.405000000000000000e+02 1.000000000000000000e+00
9.415000000000000000e+02 1.000000000000000000e+00
9.425000000000000000e+02 1.000000000000000000e+00
9.435000000000000000e+02 1.000000000000000000e+00
9.445000000000000000e+02 1.000000000000000000e+00
9.455000000000000000e+02 1.000000000000000000e+00
9.465000000000000000e+02 1.000000000000000000e+00
9.475000000000000000e+02 1.000000000000000000e+00
9.485000000000000000e+02 1.000000000000000000e+00
9.495000000000000000e+02 1.000000000000000000e+00
9.505000000000000000e+02 1.000000000000000000e+00
9.515000000000000000e+02 1.000000000000000000e+00
9.525000000000000000e+02 1.000000000000000000e+00
9.535000000000000000e+02 1.000000000000000000e+00
9.545000000000000000e+02 1.000000000000000000e+00
9.555000000000000000e+02 1.000000000000000000e+00
9.565000000000000000e+02 1.000000000000000000e+00
9.575000000000000000e+02 1.000000000000000000e+00
9.585000000000000000e+02 1.000000000000000000e+00
9.595000000000000000e+02 1.000000000000000000e+00
9.605000000000000000e+02 1.000000000000000000e+00
9.615000000000000000e+02 1.000000000000000000e+00
9.625000000000000000e+02 1.000000000000000000e+00
9.635000000000000000e+02 1.000000000000000000e+00
9.645000000000000000e+02 1.000000000000000000e+00
9.655000000000000000e+02 1.000000000000000000e+00
9.665000000000000000e+02 1.000000000000000000e+00
9.675000000000000000e+02 1.000000000000000000e+00
9.685000000000000000e+02 1.000000000000000000e+00
9.695000000000000000e+02 1.000000000000000000e+00
9.705000000000000000e+02 1.000000000000000000e+00
9.715000000000000000e+02 1.000000000000000000e+00
9.725000000000000000e+02 1.000000000000000000e+00
9.735000000000000000e+02 1.000000000000000000e+00
9.745000000000000000e+02 1.000000000000000000e+00
9.755000000000000000e+02 1.000000000000000000e+00
9.765000000000000000e+02 1.000000000000000000e+00
9.775000000000000000e+02 1.000000000000000000e+00
9.785000000000000000e+02 1.000000000000000000e+00
9.795000000000000000e+02 1.000000000000000000e+00
9.805000000000000000e+02 1.000000000000000000e+00
9.815000000000000000e+02 1.000000000000000000e+00
9.825000000000000000e+02 1.000000000000000000e+00
9.835000000000000000e+02 1.000000000000000000e+00
9.845000000000000000e+02 1.000000000000000000e+00
9.855000000000000000e+02 1.000000000000000000e+00
9.865000000000000000e+02 1.000000000000000000e+00
9.875000000000000000e+02 1.000000000000000000e+00
9.885000000000000000e+02 1.000000000000000000e+00
9.895000000000000000e+02 1.000000000000000000e+00
9.905000000000000000e+02 1.000000000000000000e+00
9.915000000000000000e+02 1.000000000000000000e+00
9.925000000000000000e+02 1.000000000000000000e+00
9.935000000000000000e+02 1.000000000000000000e+00
9.945000000000000000e+02 1.000000000000000000e+00
9.955000000000000000e+02 1.000000000000000000e+00
9.965000000000000000e+02 1.000000000000000000e+00
9.975000000000000000e+02 1.000000000000000000e+00
9.985000000000000000e+02 1.000000000000000000e+00
9.995000000000000000e+02 1.000000000000000000e+00
1.000500000000000000e+03 1.000000000000000000e+00
1.001500000000000000e+03 1.000000000000000000e+00
1.002500000000000000e+03 1.000000000000000000e+00
1.003500000000000000e+03 1.000000000000000000e+00
1.004500000000000000e+03 1.000000000000000000e+00
1.005500000000000000e+03 1.000000000000000000e+00
1.006500000000000000e+03 1.000000000000000000e+00
1.007500000000000000e+03 1.000000000000000000e+00
1.008500000000000000e+03 1.000000000000000000e+00
1.009500000000000000e+03 1.000000000000000000e+00
1.010500000000000000e+03 1.000000000000000000e+00
1.011500000000000000e+03 1.000000000000000000e+00
1.012500000000000000e+03 1.000000000000000000e+00
1.013500000000000000e+03 1.000000000000000000e+00
1.014500000000000000e+03 1.000000000000000000e+00
1.015500000000000000e+03 1.000000000000000000e+00
1.016500000000000000e+03 1.000000000000000000e+00
1.017500000000000000e+03 1.000000000000000000e+00
1.018500000000000000e+03 1.000000000000000000e+00
1.019500000000000000e+03 1.000000000000000000e+00
1.020500000000000000e+03 1.000000000000000000e+00
1.021500000000000000e+03 1.000000000000000000e+00
1.022500000000000000e+03 1.000000000000000000e+00
1.023500000000000000e+03 1.000000000000000000e+00
1.024500000000000000e+03 1.000000000000000000e+00
1.025500000000000000e+03 1.000000000000000000e+00
1.026500000000000000e+03 1.000000000000000000e+00
1.027500000000000000e+03 1.000000000000000000e+00
1.028500000000000000e+03 1.000000000000000000e+00
1.029500000000000000e+03 1.000000000000000000e+00
1.030500000000000000e+03 1.000000000000000000e+00
1.031500000000000000e+03 1.000000000000000000e+00
1.032500000000000000e+03 1.000000000000000000e+00
1.033500000000000000e+03 1.000000000000000000e+00
1.034500000000000000e+03 1.000000000000000000e+00
1.035500000000000000e+03 1.000000000000000000e+00
1.036500000000000000e+03 1.000000000000000000e+00
1.037500000000000000e+03 1.000000000000000000e+00
1.038500000000000000e+03 1.000000000000000000e+00
1.039500000000000000e+03 1.000000000000000000e+00
1.040500000000000000e+03 1.000000000000000000e+00
1.041500000000000000e+03 1.000000000000000000e+00
1.042500000000000000e+03 1.000000000000000000e+00
1.043500000000000000e+03 1.000000000000000000e+00
1.044500000000000000e+03 1.000000000000000000e+00
1.045500000000000000e+03 1.000000000000000000e+00
1.046500000000000000e+03 1.000000000000000000e+00
1.047500000000000000e+03 1.000000000000000000e+00
1.048500000000000000e+03 1.000000000000000000e+00
1.049500000000000000e+03 1.000000000000000000e+00
1.050500000000000000e+03 1.000000000000000000e+00
1.051500000000000000e+03 1.000000000000000000e+00
1.052500000000000000e+03 1.000000000000000000e+00
1.053500000000000000e+03 1.000000000000000000e+00
1.054500000000000000e+03 1.000000000000000000e+00
1.055500000000000000e+03 1.000000000000000000e+00
1.056500000000000000e+03 1.000000000000000000e+00
1.057500000000000000e+03 1.000000000000000000e+00
1.058500000000000000e+03 1.000000000000000000e+00
1.059500000000000000e+03 1.000000000000000000e+00
1.060500000000000000e+03 1.000000000000000000e+00
1.061500000000000000e+03 1.000000000000000000e+00
1.062500000000000000e+03 1.000000000000000000e+00
1.063500000000000000e+03 1.000000000000000000e+00
1.064500000000000000e+03 1.000000000000000000e+00
1.065500000000000000e+03 1.000000000000000000e+00
1.066500000000000000e+03 1.000000000000000000e+00
1.067500000000000000e+03 1.000000000000000000e+00
1.068500000000000000e+03 1.000000000000000000e+00
1.069500000000000000e+03 1.000000000000000000e+00
1.070500000000000000e+03 1.000000000000000000e+00
1.071500000000000000e+03 1.000000000000000000e+00
1.072500000000000000e+03 1.000000000000000000e+00
1.073500000000000000e+03 1.000000000000000000e+00
1.074500000000000000e+03 1.000000000000000000e+00
1.075500000000000000e+03 1.000000000000000000e+00
1.076500000000000000e+03 1.000000000000000000e+00
1.077500000000000000e+03 1.000000000000000000e+00
1.078500000000000000e+03 1.000000000000000000e+00
1.079500000000000000e+03 1.000000000000000000e+00
1.080500000000000000e+03 1.000000000000000000e+00
1.081500000000000000e+03 1.000000000000000000e+00
1.082500000000000000e+03 1.000000000000000000e+00
1.083500000000000000e+03 1.000000000000000000e+00
1.084500000000000000e+03 1.000000000000000000e+00
1.085500000000000000e+03 1.000000000000000000e+00
1.086500000000000000e+03 1.000000000000000000e+00
1.087500000000000000e+03 1.000000000000000000e+00
1.088500000000000000e+03 1.000000000000000000e+00
1.089500000000000000e+03 1.000000000000000000e+00
1.090500000000000000e+03 1.000000000000000000e+00
1.091500000000000000e+03 1.000000000000000000e+00
1.092500000000000000e+03 1.000000000000000000e+00
1.093500000000000000e+03 1.000000000000000000e+00
1.094500000000000000e+03 1.000000000000000000e+00
1.095500000000000000e+03 1.000000000000000000e+00
1.096500000000000000e+03 1.000000000000000000e+00
1.097500000000000000e+03 1.000000000000000000e+00
1.098500000000000000e+03 1.000000000000000000e+00
1.099500000000000000e+03 1.000000000000000000e+00
1.100500000000000000e+03 1.000000000000000000e+00
1.101500000000000000e+03 1.000000000000000000e+00
1.102500000000000000e+03 1.000000000000000000e+00
1.103500000000000000e+03 1.000000000000000000e+00
1.104500000000000000e+03 1.000000000000000000e+00
1.105500000000000000e+03 1.000000000000000000e+00
1.106500000000000000e+03 1.000000000000000000e+00
1.107500000000000000e+03 1.000000000000000000e+00
1.108500000000000000e+03 1.000000000000000000e+00
1.109500000000000000e+03 1.000000000000000000e+00
1.110500000000000000e+03 1.000000000000000000e+00
1.111500000000000000e+03 1.000000000000000000e+00
1.112500000000000000e+03 1.000000000000000000e+00
1.113500000000000000e+03 1.000000000000000000e+00
1.114500000000000000e+03 1.000000000000000000e+00
1.115500000000000000e+03 1.000000000000000000e+00
1.116500000000000000e+03 1.000000000000000000e+00
1.117500000000000000e+03 1.000000000000000000e+00
1.118500000000000000e+03 1.000000000000000000e+00
1.119500000000000000e+03 1.000000000000000000e+00
1.120500000000000000e+03 1.000000000000000000e+00
1.121500000000000000e+03 1.000000000000000000e+00
1.122500000000000000e+03 1.000000000000000000e+00
1.123500000000000000e+03 1.000000000000000000e+00
1.124500000000000000e+03 1.000000000000000000e+00
1.125500000000000000e+03 1.000000000000000000e+00
1.126500000000000000e+03 1.000000000000000000e+00
1.127500000000000000e+03 1.000000000000000000e+00
1.128500000000000000e+03 1.000000000000000000e+00
1.129500000000000000e+03 1.000000000000000000e+00
1.130500000000000000e+03 1.000000000000000000e+00
1.131500000000000000e+03 1.000000000000000000e+00
1.132500000000000000e+03 1.000000000000000000e+00
1.133500000000000000e+03 1.000000000000000000e+00
1.134500000000000000e+03 1.000000000000000000e+00
1.135500000000000000e+03 1.000000000000000000e+00
1.136500000000000000e+03 1.000000000000000000e+00
1.137500000000000000e+03 1.000000000000000000e+00
1.138500000000000000e+03 1.000000000000000000e+00
1.139500000000000000e+03 1.000000000000000000e+00
1.140500000000000000e+03 1.000000000000000000e+00
1.141500000000000000e+03 1.000000000000000000e+00
1.142500000000000000e+03 1.000000000000000000e+00
1.143500000000000000e+03 1.000000000000000000e+00
1.144500000000000000e+03 1.000000000000000000e+00
1.145500000000000000e+03 1.000000000000000000e+00
1.146500000000000000e+03 1.000000000000000000e+00
1.147500000000000000e+03 1.000000000000000000e+00
1.148500000000000000e+03 1.000000000000000000e+00
1.149500000000000000e+03 1.000000000000000000e+00
1.150500000000000000e+03 1.000000000000000000e+00
1.151500000000000000e+03 1.000000000000000000e+00
1.152500000000000000e+03 1.000000000000000000e+00
1.153500000000000000e+03 1.000000000000000000e+00
1.154500000000000000e+03 1.000000000000000000e+00
1.155500000000000000e+03 1.000000000000000000e+00
1.156500000000000000e+03 1.000000000000000000e+00
1.157500000000000000e+03 1.000000000000000000e+00
1.158500000000000000e+03 1.000000000000000000e+00
1.159500000000000000e+03 1.000000000000000000e+00
1.160500000000000000e+03 1.000000000000000000e+00
1.161500000000000000e+03 1.000000000000000000e+00
1.162500000000000000e+03 1.000000000000000000e+00
1.163500000000000000e+03 1.000000000000000000e+00
1.164500000000000000e+03 1.000000000000000000e+00
1.165500000000000000e+03 1.000000000000000000e+00
1.166500000000000000e+03 1.000000000000000000e+00
1.167500000000000000e+03 1.000000000000000000e+00
1.168500000000000000e+03 1.000000000000000000e+00
1.169500000000000000e+03 1.000000000000000000e+00
1.170500000000000000e+03 1.000000000000000000e+00
1.171500000000000000e+03 1.000000000000000000e+00
1.172500000000000000e+03 1.000000000000000000e+00
1.173500000000000000e+03 1.000000000000000000e+00
1.174500000000000000e+03 1.000000000000000000e+00
1.175500000000000000e+03 1.000000000000000000e+00
1.176500000000000000e+03 1.000000000000000000e+00
1.177500000000000000e+03 1.000000000000000000e+00
1.178500000000000000e+03 1.000000000000000000e+00
1.179500000000000000e+03 1.000000000000000000e+00
1.180500000000000000e+03 1.000000000000000000e+00
1.181500000000000000e+03 1.000000000000000000e+00
1.182500000000000000e+03 1.000000000000000000e+00
1.183500000000000000e+03 1.000000000000000000e+00
1.184500000000000000e+03 1.000000000000000000e+00
1.185500000000000000e+03 1.000000000000000000e+00
1.186500000000000000e+03 1.000000000000000000e+00
1.187500000000000000e+03 1.000000000000000000e+00
1.188500000000000000e+03 1.000000000000000000e+00
1.189500000000000000e+03 1.000000000000000000e+00
1.190500000000000000e+03 1.000000000000000000e+00
1.191500000000000000e+03 1.000000000000000000e+00
1.192500000000000000e+03 1.000000000000000000e+00
1.193500000000000000e+03 1.000000000000000000e+00
1.194500000000000000e+03 1.000000000000000000e+00
1.195500000000000000e+03 1.000000000000000000e+00
1.196500000000000000e+03 1.000000000000000000e+00
1.197500000000000000e+03 1.000000000000000000e+00
1.198500000000000000e+03 1.000000000000000000e+00
1.199500000000000000e+03 1.000000000000000000e+00
1.200500000000000000e+03 1.000000000000000000e+00
1.201500000000000000e+03 1.000000000000000000e+00
1.202500000000000000e+03 1.000000000000000000e+00
1.203500000000000000e+03 1.000000000000000000e+00
1.204500000000000000e+03 1.000000000000000000e+00
1.205500000000000000e+03 1.000000000000000000e+00
1.206500000000000000e+03 1.000000000000000000e+00
1.207500000000000000e+03 1.000000000000000000e+00
1.208500000000000000e+03 1.000000000000000000e+00
1.209500000000000000e+03 1.000000000000000000e+00
1.210500000000000000e+03 1.000000000000000000e+00
1.211500000000000000e+03 1.000000000000000000e+00
1.212500000000000000e+03 1.000000000000000000e+00
1.213500000000000000e+03 1.000000000000000000e+00
1.214500000000000000e+03 1.000000000000000000e+00
1.215500000000000000e+03 1.000000000000000000e+00
1.216500000000000000e+03 1.000000000000000000e+00
1.217500000000000000e+03 1.000000000000000000e+00
1.218500000000000000e+03 1.000000000000000000e+00
1.219500000000000000e+03 1.000000000000000000e+00
1.220500000000000000e+03 1.000000000000000000e+00
1.221500000000000000e+03 1.000000000000000000e+00
1.222500000000000000e+03 1.000000000000000000e+00
1.223500000000000000e+03 1.000000000000000000e+00
1.224500000000000000e+03 1.000000000000000000e+00
1.225500000000000000e+03 1.000000000000000000e+00
1.226500000000000000e+03 1.000000000000000000e+00
1.227500000000000000e+03 1.000000000000000000e+00
1.228500000000000000e+03 1.000000000000000000e+00
1.229500000000000000e+03 1.000000000000000000e+00
1.230500000000000000e+03 1.000000000000000000e+00
1.231500000000000000e+03 1.000000000000000000e+00
1.232500000000000000e+03 1.000000000000000000e+00
1.233500000000000000e+03 1.000000000000000000e+00
1.234500000000000000e+03 1.000000000000000000e+00
1.235500000000000000e+03 1.000000000000000000e+00
1.236500000000000000e+03 1.000000000000000000e+00
1.237500000000000000e+03 1.000000000000000000e+00
1.238500000000000000e+03 1.000000000000000000e+00
1.239500000000000000e+03 1.000000000000000000e+00
1.240500000000000000e+03 1.000000000000000000e+00
1.241500000000000000e+03 1.000000000000000000e+00
1.242500000000000000e+03 1.000000000000000000e+00
1.243500000000000000e+03 1.000000000000000000e+00
1.244500000000000000e+03 1.000000000000000000e+00
1.245500000000000000e+03 1.000000000000000000e+00
1.246500000000000000e+03 1.000000000000000000e+00
1.247500000000000000e+03 1.000000000000000000e+00
1.248500000000000000e+03 1.000000000000000000e+00
1.249500000000000000e+03 1.000000000000000000e+00
1.250500000000000000e+03 1.000000000000000000e+00
1.251500000000000000e+03 1.000000000000000000e+00
1.252500000000000000e+03 1.000000000000000000e+00
1.253500000000000000e+03 1.000000000000000000e+00
1.254500000000000000e+03 1.000000000000000000e+00
1.255500000000000000e+03 1.000000000000000000e+00
1.256500000000000000e+03 1.000000000000000000e+00
1.257500000000000000e+03 1.000000000000000000e+00
1.258500000000000000e+03 1.000000000000000000e+00
1.259500000000000000e+03 1.000000000000000000e+00
1.260500000000000000e+03 1.000000000000000000e+00
1.261500000000000000e+03 1.000000000000000000e+00
1.262500000000000000e+03 1.000000000000000000e+00
1.263500000000000000e+03 1.000000000000000000e+00
1.264500000000000000e+03 1.000000000000000000e+00
1.265500000000000000e+03 1.000000000000000000e+00
1.266500000000000000e+03 1.000000000000000000e+00
1.267500000000000000e+03 1.000000000000000000e+00
1.268500000000000000e+03 1.000000000000000000e+00
1.269500000000000000e+03 1.000000000000000000e+00
1.270500000000000000e+03 1.000000000000000000e+00
1.271500000000000000e+03 1.000000000000000000e+00
1.272500000000000000e+03 1.000000000000000000e+00
1.273500000000000000e+03 1.000000000000000000e+00
1.274500000000000000e+03 1.000000000000000000e+00
1.275500000000000000e+03 1.000000000000000000e+00
1.276500000000000000e+03 1.000000000000000000e+00
1.277500000000000000e+03 1.000000000000000000e+00
1.278500000000000000e+03 1.000000000000000000e+00
1.279500000000000000e+03 1.000000000000000000e+00
1.280500000000000000e+03 1.000000000000000000e+00
1.281500000000000000e+03 1.000000000000000000e+00
1.282500000000000000e+03 1.000000000000000000e+00
1.283500000000000000e+03 1.000000000000000000e+00
1.284500000000000000e+03 1.000000000000000000e+00
1.285500000000000000e+03 1.000000000000000000e+00
1.286500000000000000e+03 1.000000000000000000e+00
1.287500000000000000e+03 1.000000000000000000e+00
1.288500000000000000e+03 1.000000000000000000e+00
1.289500000000000000e+03 1.000000000000000000e+00
1.290500000000000000e+03 1.000000000000000000e+00
1.291500000000000000e+03 1.000000000000000000e+00
1.292500000000000000e+03 1.000000000000000000e+00
1.293500000000000000e+03 1.000000000000000000e+00
1.294500000000000000e+03 1.000000000000000000e+00
1.295500000000000000e+03 1.000000000000000000e+00
1.296500000000000000e+03 1.000000000000000000e+00
1.297500000000000000e+03 1.000000000000000000e+00
1.298500000000000000e+03 1.000000000000000000e+00
1.299500000000000000e+03 1.000000000000000000e+00
1.300500000000000000e+03 1.000000000000000000e+00
1.301500000000000000e+03 1.000000000000000000e+00
1.302500000000000000e+03 1.000000000000000000e+00
1.303500000000000000e+03 1.000000000000000000e+00
1.304500000000000000e+03 1.000000000000000000e+00
1.305500000000000000e+03 1.000000000000000000e+00
1.306500000000000000e+03 1.000000000000000000e+00
1.307500000000000000e+03 1.000000000000000000e+00
1.308500000000000000e+03 1.000000000000000000e+00
1.309500000000000000e+03 1.000000000000000000e+00
1.310500000000000000e+03 1.000000000000000000e+00
1.311500000000000000e+03 1.000000000000000000e+00
1.312500000000000000e+03 1.000000000000000000e+00
1.313500000000000000e+03 1.000000000000000000e+00
1.314500000000000000e+03 1.000000000000000000e+00
1.315500000000000000e+03 1.000000000000000000e+00
1.316500000000000000e+03 1.000000000000000000e+00
1.317500000000000000e+03 1.000000000000000000e+00
1.318500000000000000e+03 1.000000000000000000e+00
1.319500000000000000e+03 1.000000000000000000e+00
1.320500000000000000e+03 1.000000000000000000e+00
1.321500000000000000e+03 1.000000000000000000e+00
1.322500000000000000e+03 1.000000000000000000e+00
1.323500000000000000e+03 1.000000000000000000e+00
1.324500000000000000e+03 1.000000000000000000e+00
1.325500000000000000e+03 1.000000000000000000e+00
1.326500000000000000e+03 1.000000000000000000e+00
1.327500000000000000e+03 1.000000000000000000e+00
1.328500000000000000e+03 1.000000000000000000e+00
1.329500000000000000e+03 1.000000000000000000e+00
1.330500000000000000e+03 1.000000000000000000e+00
1.331500000000000000e+03 1.000000000000000000e+00
1.332500000000000000e+03 1.000000000000000000e+00
1.333500000000000000e+03 1.000000000000000000e+00
1.334500000000000000e+03 1.000000000000000000e+00
1.335500000000000000e+03 1.000000000000000000e+00
1.336500000000000000e+03 1.000000000000000000e+00
1.337500000000000000e+03 1.000000000000000000e+00
1.338500000000000000e+03 1.000000000000000000e+00
1.339500000000000000e+03 1.000000000000000000e+00
1.340500000000000000e+03 1.000000000000000000e+00
1.341500000000000000e+03 1.000000000000000000e+00
1.342500000000000000e+03 1.000000000000000000e+00
1.343500000000000000e+03 1.000000000000000000e+00
1.344500000000000000e+03 1.000000000000000000e+00
1.345500000000000000e+03 1.000000000000000000e+00
1.346500000000000000e+03 1.000000000000000000e+00
1.347500000000000000e+03 1.000000000000000000e+00
1.348500000000000000e+03 1.000000000000000000e+00
1.349500000000000000e+03 1.000000000000000000e+00
1.350500000000000000e+03 1.000000000000000000e+00
1.351500000000000000e+03 1.000000000000000000e+00
1.352500000000000000e+03 1.000000000000000000e+00
1.353500000000000000e+03 1.000000000000000000e+00
1.354500000000000000e+03 1.000000000000000000e+00
1.355500000000000000e+03 1.000000000000000000e+00
1.356500000000000000e+03 1.000000000000000000e+00
1.357500000000000000e+03 1.000000000000000000e+00
1.358500000000000000e+03 1.000000000000000000e+00
1.359500000000000000e+03 1.000000000000000000e+00
1.360500000000000000e+03 1.000000000000000000e+00
1.361500000000000000e+03 1.000000000000000000e+00
1.362500000000000000e+03 1.000000000000000000e+00
1.363500000000000000e+03 1.000000000000000000e+00
1.364500000000000000e+03 1.000000000000000000e+00
1.365500000000000000e+03 1.000000000000000000e+00
1.366500000000000000e+03 1.000000000000000000e+00
1.367500000000000000e+03 1.000000000000000000e+00
1.368500000000000000e+03 1.000000000000000000e+00
1.369500000000000000e+03 1.000000000000000000e+00
1.370500000000000000e+03 1.000000000000000000e+00
1.371500000000000000e+03 1.000000000000000000e+00
1.372500000000000000e+03 1.000000000000000000e+00
1.373500000000000000e+03 1.000000000000000000e+00
1.374500000000000000e+03 1.000000000000000000e+00
1.375500000000000000e+03 1.000000000000000000e+00
1.376500000000000000e+03 1.000000000000000000e+00
1.377500000000000000e+03 1.000000000000000000e+00
1.378500000000000000e+03 1.000000000000000000e+00
1.379500000000000000e+03 1.000000000000000000e+00
1.380500000000000000e+03 1.000000000000000000e+00
1.381500000000000000e+03 1.000000000000000000e+00
1.382500000000000000e+03 1.000000000000000000e+00
1.383500000000000000e+03 1.000000000000000000e+00
1.384500000000000000e+03 1.000000000000000000e+00
1.385500000000000000e+03 1.000000000000000000e+00
1.386500000000000000e+03 1.000000000000000000e+00
1.387500000000000000e+03 1.000000000000000000e+00
1.388500000000000000e+03 1.000000000000000000e+00
1.389500000000000000e+03 1.000000000000000000e+00
1.390500000000000000e+03 1.000000000000000000e+00
1.391500000000000000e+03 1.000000000000000000e+00
1.392500000000000000e+03 1.000000000000000000e+00
1.393500000000000000e+03 1.000000000000000000e+00
1.394500000000000000e+03 1.000000000000000000e+00
1.395500000000000000e+03 1.000000000000000000e+00
1.396500000000000000e+03 1.000000000000000000e+00
1.397500000000000000e+03 1.000000000000000000e+00
1.398500000000000000e+03 1.000000000000000000e+00
1.399500000000000000e+03 1.000000000000000000e+00
1.400500000000000000e+03 1.000000000000000000e+00
1.401500000000000000e+03 1.000000000000000000e+00
1.402500000000000000e+03 1.000000000000000000e+00
1.403500000000000000e+03 1.000000000000000000e+00
1.404500000000000000e+03 1.000000000000000000e+00
1.405500000000000000e+03 1.000000000000000000e+00
1.406500000000000000e+03 1.000000000000000000e+00
1.407500000000000000e+03 1.000000000000000000e+00
1.408500000000000000e+03 1.000000000000000000e+00
1.409500000000000000e+03 1.000000000000000000e+00
1.410500000000000000e+03 1.000000000000000000e+00
1.411500000000000000e+03 1.000000000000000000e+00
1.412500000000000000e+03 1.000000000000000000e+00
1.413500000000000000e+03 1.000000000000000000e+00
1.414500000000000000e+03 1.000000000000000000e+00
1.415500000000000000e+03 1.000000000000000000e+00
1.416500000000000000e+03 1.000000000000000000e+00
1.417500000000000000e+03 1.000000000000000000e+00
1.418500000000000000e+03 1.000000000000000000e+00
1.419500000000000000e+03 1.000000000000000000e+00
1.420500000000000000e+03 1.000000000000000000e+00
1.421500000000000000e+03 1.000000000000000000e+00
1.422500000000000000e+03 1.000000000000000000e+00
1.423500000000000000e+03 1.000000000000000000e+00
1.424500000000000000e+03 1.000000000000000000e+00
1.425500000000000000e+03 1.000000000000000000e+00
1.426500000000000000e+03 1.000000000000000000e+00
1.427500000000000000e+03 1.000000000000000000e+00
1.428500000000000000e+03 1.000000000000000000e+00
1.429500000000000000e+03 1.000000000000000000e+00
1.430500000000000000e+03 1.000000000000000000e+00
1.431500000000000000e+03 1.000000000000000000e+00
1.432500000000000000e+03 1.000000000000000000e+00
1.433500000000000000e+03 1.000000000000000000e+00
1.434500000000000000e+03 1.000000000000000000e+00
1.435500000000000000e+03 1.000000000000000000e+00
1.436500000000000000e+03 1.000000000000000000e+00
1.437500000000000000e+03 1.000000000000000000e+00
1.438500000000000000e+03 1.000000000000000000e+00
1.439500000000000000e+03 1.000000000000000000e+00
1.440500000000000000e+03 1.000000000000000000e+00
1.441500000000000000e+03 1.000000000000000000e+00
1.442500000000000000e+03 1.000000000000000000e+00
1.443500000000000000e+03 1.000000000000000000e+00
1.444500000000000000e+03 1.000000000000000000e+00
1.445500000000000000e+03 1.000000000000000000e+00
1.446500000000000000e+03 1.000000000000000000e+00
1.447500000000000000e+03 1.000000000000000000e+00
1.448500000000000000e+03 1.000000000000000000e+00
1.449500000000000000e+03 1.000000000000000000e+00
1.450500000000000000e+03 1.000000000000000000e+00
1.451500000000000000e+03 1.000000000000000000e+00
1.452500000000000000e+03 1.000000000000000000e+00
1.453500000000000000e+03 1.000000000000000000e+00
1.454500000000000000e+03 1.000000000000000000e+00
1.455500000000000000e+03 1.000000000000000000e+00
1.456500000000000000e+03 1.000000000000000000e+00
1.457500000000000000e+03 1.000000000000000000e+00
1.458500000000000000e+03 1.000000000000000000e+00
1.459500000000000000e+03 1.000000000000000000e+00
1.460500000000000000e+03 1.000000000000000000e+00
1.461500000000000000e+03 1.000000000000000000e+00
1.462500000000000000e+03 1.000000000000000000e+00
1.463500000000000000e+03 1.000000000000000000e+00
1.464500000000000000e+03 1.000000000000000000e+00
1.465500000000000000e+03 1.000000000000000000e+00
1.466500000000000000e+03 1.000000000000000000e+00
1.467500000000000000e+03 1.000000000000000000e+00
1.468500000000000000e+03 1.000000000000000000e+00
1.469500000000000000e+03 1.000000000000000000e+00
1.470500000000000000e+03 1.000000000000000000e+00
1.471500000000000000e+03 1.000000000000000000e+00
1.472500000000000000e+03 1.000000000000000000e+00
1.473500000000000000e+03 1.000000000000000000e+00
1.474500000000000000e+03 1.000000000000000000e+00
1.475500000000000000e+03 1.000000000000000000e+00
1.476500000000000000e+03 1.000000000000000000e+00
1.477500000000000000e+03 1.000000000000000000e+00
1.478500000000000000e+03 1.000000000000000000e+00
1.479500000000000000e+03 1.000000000000000000e+00
1.480500000000000000e+03 1.000000000000000000e+00
1.481500000000000000e+03 1.000000000000000000e+00
1.482500000000000000e+03 1.000000000000000000e+00
1.483500000000000000e+03 1.000000000000000000e+00
1.484500000000000000e+03 1.000000000000000000e+00
1.485500000000000000e+03 1.000000000000000000e+00
1.486500000000000000e+03 1.000000000000000000e+00
1.487500000000000000e+03 1.000000000000000000e+00
1.488500000000000000e+03 1.000000000000000000e+00
1.489500000000000000e+03 1.000000000000000000e+00
1.490500000000000000e+03 1.000000000000000000e+00
1.491500000000000000e+03 1.000000000000000000e+00
1.492500000000000000e+03 1.000000000000000000e+00
1.493500000000000000e+03 1.000000000000000000e+00
1.494500000000000000e+03 1.000000000000000000e+00
1.495500000000000000e+03 1.000000000000000000e+00
1.496500000000000000e+03 1.000000000000000000e+00
1.497500000000000000e+03 1.000000000000000000e+00
1.498500000000000000e+03 1.000000000000000000e+00
1.499500000000000000e+03 1.000000000000000000e+00
